RGB:
  header:
    stamp:
      sec: 1742499169
      nanosec: 847134297
    frame_id: spot1/base/spot/frontright_fisheye
  height: 480
  width: 640
  distortion_model: plumb_bob
  d:
  - 0.0
  - 0.0
  - 0.0
  - 0.0
  - 0.0
  k:
  - 327.8986511230469
  - 0.0
  - 318.9825744628906
  - 0.0
  - 328.2829284667969
  - 239.12042236328125
  - 0.0
  - 0.0
  - 1.0
  r:
  - 1.0
  - 0.0
  - 0.0
  - 0.0
  - 1.0
  - 0.0
  - 0.0
  - 0.0
  - 1.0
  p:
  - 327.8986511230469
  - 0.0
  - 318.9825744628906
  - 0.0
  - 0.0
  - 328.2829284667969
  - 239.12042236328125
  - 0.0
  - 0.0
  - 0.0
  - 1.0
  - 0.0

Depth:
  header:
    stamp:
      sec: 1742499169
      nanosec: 847134297
    frame_id: spot1/base/spot/frontright
  height: 240
  width: 424
  distortion_model: plumb_bob
  d:
  - 0.0
  - 0.0
  - 0.0
  - 0.0
  - 0.0
  k:
  - 214.42591857910156
  - 0.0
  - 210.69651794433594
  - 0.0
  - 214.42591857910156
  - 118.79469299316406
  - 0.0
  - 0.0
  - 1.0
  r:
  - 1.0
  - 0.0
  - 0.0
  - 0.0
  - 1.0
  - 0.0
  - 0.0
  - 0.0
  - 1.0
  p:
  - 214.42591857910156
  - 0.0
  - 210.69651794433594
  - 0.0
  - 0.0
  - 214.42591857910156
  - 118.79469299316406
  - 0.0
  - 0.0
  - 0.0
  - 1.0
  - 0.0
  binning_x: 0
  binning_y: 0
  roi:
    x_offset: 0
    y_offset: 0
    height: 0
    width: 0
    do_rectify: false

body_to_frontright_fisheye:
  Matrix:
    - [-0.420, -0.484,  0.768,  0.385]
    - [-0.008,  0.848,  0.530, -0.038]
    - [-0.907,  0.217, -0.360, -0.050]
    - [ 0.000,  0.000,  0.000,  1.000]

body_to_frontright:
  Matrix:
    - [-0.417, -0.479,  0.773,  0.416]
    - [-0.007,  0.852,  0.524, -0.038]
    - [-0.909,  0.213, -0.358,  0.022]
    - [ 0.000,  0.000,  0.000,  1.000]

feet_center_to_frontright_fisheye:
  Matrix:
    - [-0.387, -0.492,  0.780,  0.323]
    - [-0.007,  0.847,  0.531, -0.034]
    - [-0.922,  0.200, -0.332,  0.548]
    - [ 0.000,  0.000,  0.000,  1.000]

feet_center_to_frontright:
  Matrix:
    - [-0.381, -0.487,  0.786,  0.356]
    - [-0.006,  0.851,  0.525, -0.036]
    - [-0.925,  0.195, -0.327,  0.617]
    - [ 0.000,  0.000,  0.000,  1.000]


